SCIPY FULL
[[  97.  246.  300.  312.  292.  245.  229.  185.   70.]
 [ 293.  704.  787.  808.  818.  733.  644.  459.  162.]
 [ 354.  860.  951.  914.  936.  993.  903.  519.  142.]
 [ 245.  656.  832.  839.  805.  944. 1045.  643.  155.]
 [ 189.  472.  575.  761.  867.  823.  948.  748.  225.]
 [ 262.  631.  587.  641.  871.  726.  629.  560.  209.]
 [ 300.  787.  779.  613.  687.  584.  436.  368.  150.]
 [ 194.  489.  534.  476.  430.  349.  294.  214.   76.]
 [  54.  115.  135.  164.  142.  107.   96.   56.   15.]]
SCIPY VALID
[[ 951.  914.  936.  993.  903.]
 [ 832.  839.  805.  944. 1045.]
 [ 575.  761.  867.  823.  948.]
 [ 587.  641.  871.  726.  629.]
 [ 779.  613.  687.  584.  436.]]
TF SAME
[[[[ 704.]
   [ 787.]
   [ 808.]
   [ 818.]
   [ 733.]
   [ 644.]
   [ 459.]]

  [[ 860.]
   [ 951.]
   [ 914.]
   [ 936.]
   [ 993.]
   [ 903.]
   [ 519.]]

  [[ 656.]
   [ 832.]
   [ 839.]
   [ 805.]
   [ 944.]
   [1045.]
   [ 643.]]

  [[ 472.]
   [ 575.]
   [ 761.]
   [ 867.]
   [ 823.]
   [ 948.]
   [ 748.]]

  [[ 631.]
   [ 587.]
   [ 641.]
   [ 871.]
   [ 726.]
   [ 629.]
   [ 560.]]

  [[ 787.]
   [ 779.]
   [ 613.]
   [ 687.]
   [ 584.]
   [ 436.]
   [ 368.]]

  [[ 489.]
   [ 534.]
   [ 476.]
   [ 430.]
   [ 349.]
   [ 294.]
   [ 214.]]]]
TF VALID
[[[[ 951.]
   [ 914.]
   [ 936.]
   [ 993.]
   [ 903.]]

  [[ 832.]
   [ 839.]
   [ 805.]
   [ 944.]
   [1045.]]

  [[ 575.]
   [ 761.]
   [ 867.]
   [ 823.]
   [ 948.]]

  [[ 587.]
   [ 641.]
   [ 871.]
   [ 726.]
   [ 629.]]

  [[ 779.]
   [ 613.]
   [ 687.]
   [ 584.]
   [ 436.]]]]
